2048 5637 213
2048 2765 847
2048 9746 182
2048 7058 821
4097 1935 195
4097 5967 676
4097 5199 602
6146 3927 511
6146 5732 520
2055 1920 724
2055 1991 786
2055 9458 993
2055 4037 982
6828 7311 165
6828 348 37
6828 6231 335
4107 2379 852
4107 351 637
4107 8080 59
4107 7098 985
4107 4694 880
8204 4233 117
8204 7491 242
8204 3710 223
8204 2969 129
8204 7986 161
8194 6118 689
8194 9570 863
8194 590 645
8194 6592 300
8207 7555 376
8207 8852 653
4115 916 486
4115 9902 635
4115 2128 120
4116 6331 16
4116 1476 842
4116 2674 249
4117 3448 705
6169 7676 924
6169 1236 716
6169 1634 724
30 4037 288
30 2039 794
30 5561 410
30 222 848
1433 9032 703
1433 6331 729
1433 3994 843
8229 7067 935
38 3369 627
38 8596 140
2091 465 363
2091 4625 660
2091 4540 249
2091 9111 290
6190 7064 256
6190 7885 300
6190 8943 661
6190 3173 225
8241 4905 470
8241 1403 336
8241 3361 252
8241 6207 662
2100 3766 156
2100 6261 677
8245 7276 731
8253 6350 318
8253 3771 91
8253 3147 131
8253 2055 146
6207 5637 45
6207 8112 688
6207 4117 333
6207 1099 362
3410 6379 966
3410 6331 617
3410 2674 99
3410 721 620
3410 4510 711
6209 8356 206
6209 8174 289
6209 1555 470
6209 7651 807
6210 1967 464
6210 7054 808
6210 3103 916
6210 9142 292
6210 7318 725
6210 345 788
8259 3863 319
8259 1891 247
8259 1981 580
8259 6536 622
8259 5043 803
4164 870 463
4164 3174 938
4164 5328 496
4165 7787 772
4165 2737 370
4165 3771 63
4166 465 684
4166 4532 790
4166 2737 130
4166 355 531
6215 5518 514
6215 5381 833
6215 8038 976
72 8940 471
72 1027 996
72 2068 609
72 6350 929
2060 7299 38
2060 3144 340
9570 1882 147
4176 7567 787
4176 9063 782
4176 1848 601
2129 8331 221
6754 5967 98
6754 5923 763
6754 4267 542
6754 4710 813
8278 1169 824
8278 8168 504
8278 3269 180
8278 568 271
6231 8943 746
6231 7049 492
6231 9994 263
6231 3557 247
6231 4668 608
90 6548 437
90 1882 625
8283 1378 662
8283 4765 147
8283 6390 950
2140 349 780
2140 4115 561
2140 5293 39
2140 8951 533
2140 2200 880
8290 8632 988
8290 9844 778
8290 9488 50
8290 7298 875
2149 4486 583
2149 434 737
2149 8771 384
4198 5712 636
4198 4919 247
4198 1641 849
4198 1433 234
8596 2807 378
8596 1217 630
8596 1403 811
9575 2605 884
9575 7487 368
9575 8771 628
1725 9326 261
1725 1935 370
6163 4565 708
6163 850 346
6163 2167 924
6163 8409 946
6163 1507 242
6163 3666 599
117 2643 835
117 8849 677
117 668 534
2167 6536 59
2167 2379 879
2167 5013 330
2167 6065 222
2167 568 175
2167 4565 401
2167 3274 258
2167 883 980
2167 2060 888
2167 1220 920
2167 7007 522
2068 1027 805
2068 6504 960
2068 4543 140
2068 662 622
4218 516 403
4218 4484 464
4218 7466 470
4218 2167 448
4218 9912 854
125 2964 489
125 8860 350
125 6987 866
125 7200 280
125 2775 65
2174 843 116
2174 9514 656
2174 2039 360
2174 8229 276
2177 2212 738
2177 8112 989
6274 3458 665
6274 2379 370
6274 5616 580
6274 2989 504
6274 1395 825
6274 3369 818
6280 7649 326
6280 7594 111
6280 90 863
4233 568 439
4233 8940 64
4233 6967 178
4233 6036 927
4233 9063 901
3346 173 527
3346 482 786
6283 7299 312
6283 5177 700
6283 5113 881
6283 9251 990
4237 4218 832
143 1131 89
143 5806 362
143 7058 306
147 8595 820
147 6905 747
152 8474 355
152 8283 558
152 2923 103
6297 427 641
6297 1403 185
6297 4948 656
6297 38 306
154 1403 940
154 7066 921
2206 8818 487
2207 2986 309
8354 6414 569
8354 3346 982
5147 3238 366
5147 5152 906
8356 1037 575
8356 1691 737
2213 4344 81
2213 3481 162
8358 3169 662
8358 3136 739
4266 7676 623
4267 480 370
4267 3103 348
4267 8584 351
173 427 449
173 9039 650
173 465 506
4270 5512 631
4270 590 448
4270 328 937
4270 6036 956
1847 7935 962
1847 742 181
1847 2986 792
178 770 666
178 7603 74
178 2819 779
178 1998 689
1395 6331 606
1395 7567 731
2230 5544 262
2230 504 719
713 4874 519
713 9531 613
713 6515 62
713 4710 303
8376 8474 557
8376 4267 614
8376 8147 528
4281 6411 571
4281 125 443
4281 5972 243
4281 9550 448
4281 6085 502
4281 2467 286
2234 6582 334
2234 256 557
2234 1480 68
6331 1901 281
3820 3927 71
3820 8056 41
3820 7298 3
3820 6034 931
3820 9013 158
3820 3778 577
190 8034 458
190 2234 851
190 2544 162
6335 7068 806
6335 2610 494
192 8702 726
8385 8756 941
8385 482 151
195 9231 285
8389 7552 602
8392 6713 399
8392 1848 156
8392 1634 967
8392 8816 395
8392 2379 435
4298 5086 352
4298 5247 913
4298 9420 164
4298 6386 285
4298 5881 556
4298 8849 408
4299 6169 422
4299 6146 812
4299 3727 997
2254 495 977
2254 9265 516
1848 1318 98
1848 7603 635
1848 5492 299
2256 468 567
2256 9031 26
2257 9381 963
2257 5274 115
2257 1381 378
2257 8142 277
2257 7168 955
2257 7081 985
3107 6390 539
3107 38 824
377 1639 493
377 8392 958
8409 3017 483
4314 9347 222
4314 7011 398
4314 2129 767
4314 7419 797
4314 8510 699
7986 1448 485
7986 6872 582
7986 3356 947
7986 7651 869
2270 4499 180
2270 9032 416
2270 1847 422
2270 3076 61
2270 7885 976
6376 7555 318
6376 9301 52
8572 1918 286
8572 4266 12
8572 4565 904
6379 8836 37
6379 7519 202
2286 2828 599
2286 6234 47
2286 143 355
4477 3765 539
4477 9347 82
2288 1480 404
2288 5864 450
2288 2827 131
2288 8445 993
6386 7068 960
6386 7935 195
6386 8849 521
4341 3533 309
4341 5016 373
6390 8601 307
6390 4024 998
4344 2827 882
4344 3727 490
4344 9793 637
249 4051 144
249 5274 733
249 9469 670
6395 7296 809
6395 8392 127
6395 2544 470
2301 5652 786
256 3274 777
256 3768 845
258 9402 217
258 9403 538
4355 7049 340
4355 3470 619
4355 7487 415
4355 2288 332
1236 6658 995
1236 7567 415
1236 1996 681
3084 3470 990
3084 3863 662
3084 2765 348
3084 2207 364
3084 6234 604
3084 6515 789
3084 3473 136
6411 9911 672
6411 3061 706
6411 5012 406
6411 7777 436
9912 4919 434
9912 4237 845
9912 9981 305
9912 2822 474
9912 1634 190
9912 7128 106
6414 7054 129
6414 9744 955
8463 5016 969
8463 4710 808
6417 9618 272
8467 3585 665
8467 7160 582
8467 2807 244
8467 7793 358
8468 5328 623
8468 6234 793
8468 4639 618
8468 1982 115
8468 147 978
8921 8836 529
5533 6118 736
5533 8142 644
6426 4270 792
6426 8241 233
6426 4566 84
6426 7419 614
6426 348 420
6426 7128 214
6426 8176 870
6426 5169 93
6426 854 678
8475 3798 754
8475 2039 602
8475 3316 210
8475 5018 438
8477 8085 307
8477 192 971
5806 9085 671
5806 7709 25
5806 5143 674
5806 6085 695
5806 7771 930
4385 9469 202
4385 1099 501
4385 4566 673
4385 4764 969
2342 7740 590
2342 3959 552
2342 8147 749
5169 1725 18
5169 7793 221
4396 3937 549
4396 4344 399
4396 1935 577
3590 1804 715
3590 568 568
3590 7096 836
6536 187 357
6536 2207 551
6536 2588 258
6536 9575 920
4404 3147 490
4404 876 92
4404 3778 654
4404 7336 188
4404 8445 855
4404 4948 461
6455 1080 408
6455 3265 358
6455 8174 437
6455 5413 59
6455 3927 198
6458 7519 709
6458 8034 875
6458 712 912
8510 1935 522
2101 6417 617
2101 7114 135
2101 976 368
2101 38 249
2101 515 644
320 721 908
320 5581 30
7067 4948 213
7067 5512 463
328 5806 311
328 8059 389
328 6872 952
2378 5865 95
2378 6118 675
2378 9071 914
2379 4037 644
2379 6804 578
332 4072 577
2382 948 146
4432 7491 688
4432 7058 993
3128 377 774
3128 3361 672
3128 7200 119
3128 9982 389
3128 2213 393
3128 7069 929
3128 9430 732
6483 2705 709
6483 6137 329
6483 5943 74
6483 3103 705
4436 1169 192
4436 6163 826
4436 1430 859
3470 2212 704
3470 5518 265
3470 81 495
3470 1407 43
6217 5013 450
6217 8176 70
343 4299 935
345 6210 786
345 910 759
345 2256 362
345 3887 647
7567 1169 702
7567 4710 27
7567 4499 283
7567 4198 900
348 7279 740
348 6515 391
348 1507 349
348 6872 723
351 5753 201
351 1314 879
355 2467 328
2404 7986 585
2404 1226 12
2404 850 447
2404 2986 409
2404 2378 279
2404 8720 93
2404 6234 388
357 8474 667
357 6525 959
357 3766 671
2406 5573 155
2406 9230 849
2406 72 221
2406 1998 999
6504 8677 410
6504 6065 150
6504 4015 800
6504 7231 580
1084 5646 660
1084 9578 879
1084 7567 196
1084 7069 379
1084 2212 712
4460 5016 364
4460 4484 48
4460 9937 960
4460 8392 120
1426 5616 87
1426 8168 755
1426 8792 744
6515 721 613
6515 7617 651
1308 8575 219
1308 340 421
1308 9588 217
5865 195 105
5865 3502 780
5865 8150 562
4473 480 21
4473 7231 865
4473 1433 805
4473 4514 468
2426 5274 524
2426 7049 352
2426 3212 222
2426 8714 938
6523 7298 476
6523 5091 669
6523 1568 774
6523 5197 900
6523 8596 664
4476 6779 649
4476 5476 772
4476 1013 351
4476 7310 863
4476 4932 762
4476 4107 441
6525 3937 844
6525 4501 730
6525 3727 488
8575 6075 363
4480 1027 953
4480 1639 112
4480 4710 950
4484 7157 589
4484 7885 815
4485 1725 296
4485 1077 67
4485 910 664
4485 3355 69
4485 1013 494
4486 2490 193
4486 5483 88
4486 3616 448
4486 2174 758
8584 7913 172
8584 6967 505
8584 811 774
8584 3782 654
393 6020 286
393 4780 698
393 72 693
393 8204 983
393 6515 924
2444 3284 380
2444 5581 789
1036 5537 393
1036 9213 405
2447 6118 591
2447 393 464
2447 7885 34
2447 2544 996
6547 6335 628
6548 1761 363
6548 7010 313
6548 1601 988
4501 5530 259
4501 4485 140
4501 9838 55
4501 6455 188
4501 8943 66
4501 3290 83
4501 8278 697
8598 9254 431
8598 8259 497
8598 3674 745
4503 5328 12
4503 2806 654
4503 7069 208
4503 6582 658
4503 8677 632
8601 7432 2
8601 8114 662
8601 6209 441
6895 9254 427
6895 9844 973
6895 7793 483
4510 8229 249
4510 3448 288
2800 8755 48
2800 9367 733
4514 5442 944
4514 147 907
4514 6146 296
4514 6118 429
4514 7007 636
4514 5301 838
2467 7279 813
2467 2379 347
2467 9430 567
2467 6217 871
2467 5121 104
2467 8149 336
6564 4293 886
2128 4355 716
426 2174 930
427 7311 778
427 117 115
431 4755 463
431 1841 43
431 1568 295
8624 2055 980
8624 7021 871
8624 8204 105
8624 3763 555
8624 8474 362
8624 173 840
3144 3494 372
3144 8467 894
3144 515 890
3144 6063 194
3144 7375 443
434 9902 713
434 9265 83
434 8921 915
4532 2705 927
4532 2378 205
4532 427 368
6582 6190 982
2121 7588 421
2121 9377 98
2121 1220 610
2121 8468 904
2121 4510 854
2121 9762 600
2121 117 750
8632 5205 164
8632 6592 695
8632 3873 527
8632 2726 601
8632 7784 363
8632 7114 429
8632 8038 809
2490 9230 955
2490 4314 456
6587 2213 852
6587 2610 818
6587 5369 397
6587 3502 115
6587 9418 924
444 7016 908
444 6474 864
444 436 835
4543 8598 165
4543 8792 699
6592 7296 34
6592 4107 491
6592 6034 871
6592 5381 530
5195 6790 539
5195 6515 962
5195 7231 778
5195 2807 619
5195 7114 939
4548 2688 149
6599 2068 511
6599 1991 396
8650 3007 88
8650 9912 155
8650 8624 209
8650 3481 959
2807 178 612
2807 6786 878
2807 9911 124
2807 4233 758
460 9615 70
460 2648 151
460 495 337
462 6274 979
462 3674 22
462 4919 643
462 3131 780
462 7552 787
462 1904 852
462 5177 914
463 2716 551
463 6426 638
463 7935 891
465 1675 235
465 9381 759
465 7204 320
465 431 478
6612 8497 805
6612 7594 942
6612 5530 35
4565 568 884
4565 1095 593
4565 3610 650
4566 5199 898
4566 8677 40
3833 5530 941
3833 5439 100
3833 876 154
3833 2744 177
3833 6804 311
2522 90 741
2522 6426 76
6623 5581 688
6623 8500 772
6623 1433 671
6623 3927 706
6623 9265 163
6623 9474 707
6623 2588 996
480 328 744
480 6732 74
8673 5171 370
8673 1613 224
8673 7993 662
482 3346 324
482 6525 790
482 9489 853
482 1199 249
482 1996 751
8677 3695 620
81 72 589
81 6947 681
495 4432 368
495 4355 255
495 3503 440
495 9615 527
495 6020 649
495 355 238
2544 4476 349
2544 3771 334
2544 1476 705
1448 5923 295
1448 6779 313
8692 8852 824
8692 2207 633
2549 5177 516
2549 7336 272
2549 9420 530
2549 9094 224
2549 2035 821
2549 3498 878
2549 6234 840
2549 2522 849
7593 3135 689
7593 8969 732
7593 9085 559
7593 9589 400
504 1318 671
504 7195 182
504 2726 750
504 986 163
504 8943 474
504 9588 667
6651 9741 487
2557 251 815
2557 908 854
2557 1094 995
8702 6938 835
8702 8034 837
8702 6190 290
8702 251 265
5205 7180 820
5205 4115 31
8705 5333 252
8705 7276 367
8705 6779 444
4610 9810 819
4610 3135 936
4610 8204 359
4610 6067 76
515 7160 195
515 6564 332
515 5726 704
515 6331 345
515 1226 780
2564 1149 94
2564 4697 519
2564 916 606
2564 7096 885
2564 9577 602
2564 5438 699
2564 2447 339
518 8150 466
518 3863 934
8714 4166 260
8714 7432 409
8962 854 926
8962 996 412
8962 7157 185
8720 9575 374
8720 9115 109
4625 1099 313
4625 1555 697
4625 7151 284
4625 4486 955
4625 6261 497
2580 8962 645
2580 8080 585
2580 2827 940
2580 1760 21
2580 9420 958
8725 1403 139
8725 2101 57
8725 7160 294
8725 3212 825
8727 6504 733
8727 3017 143
2588 1439 709
2588 8940 311
2588 8385 5
2588 6411 965
2588 357 310
6234 9420 700
6234 1998 280
6234 1691 629
4638 9730 348
4638 9213 377
4638 8500 731
4639 9409 596
4639 1433 110
4639 1099 148
4639 6207 898
91 8705 85
91 7995 898
91 8816 428
91 3820 212
2605 8756 700
2605 6190 497
2605 2039 553
2605 195 210
2605 5121 222
7261 9063 616
7261 2705 973
7261 1417 681
6705 2213 359
6705 1282 880
6705 6947 151
6705 3131 177
2610 332 403
2610 9517 559
2610 2212 426
2610 1314 600
2610 7128 791
8755 5732 590
8755 2467 319
4660 1603 535
4660 482 945
568 1516 446
568 6872 993
568 5215 262
6713 8278 484
6713 9780 807
6713 6426 441
4667 1920 306
4667 4281 814
4667 1430 944
4667 6587 534
4668 7015 348
4874 6411 816
4874 3851 55
576 9710 881
576 8013 739
6721 673 781
6721 5494 394
8771 355 539
8771 1603 489
8771 2870 249
2629 9430 258
2629 9589 796
2629 9489 469
2629 7419 191
2629 8354 309
2629 4485 581
8777 2522 540
8777 2705 829
8777 9458 379
8777 2765 35
4684 6395 210
590 2819 336
590 7296 370
590 7068 74
590 6613 256
6584 4945 35
6584 1495 47
6584 5247 230
6584 7049 864
2643 7777 521
4694 7487 111
4694 5154 334
4694 5012 750
4694 9746 500
5561 5113 711
5561 2406 828
5561 8474 111
5561 4218 529
8792 4514 287
8792 2648 563
601 8112 314
601 590 782
601 3875 788
601 5086 870
601 7649 82
4702 3274 793
4702 7036 175
3173 6411 535
4706 1804 291
4706 8059 99
4706 8927 392
4706 1982 422
4706 8836 819
4706 2068 219
6246 7100 356
6246 5113 832
6246 8720 633
4710 7771 786
4710 7279 905
4710 357 669
4710 6828 211
4710 5205 469
4710 3927 701
4540 1920 183
4540 349 130
4540 2737 925
8816 8089 28
8816 8056 174
2674 2648 849
2674 7133 318
2674 9744 205
6772 9403 711
6772 9615 303
6772 766 330
6772 1131 251
6772 7193 450
4725 6892 113
4725 948 542
4725 1095 545
4725 3927 514
4725 1219 830
4725 7473 836
633 850 833
633 854 836
633 6599 747
633 668 455
633 4164 402
633 4667 815
6779 3155 948
6779 2690 898
2688 6979 793
2688 6376 141
2688 5806 341
2690 1752 779
6787 4874 620
6787 3498 166
6787 763 56
6787 7487 876
6787 482 856
6787 7709 969
6787 9251 446
6787 426 133
8836 9578 58
8836 1650 884
8836 1904 951
8836 2128 274
8836 6713 456
8837 2923 293
6790 6169 976
4746 6395 352
4746 2882 180
4746 2467 510
4746 4919 338
651 2467 164
651 6417 990
651 9912 613
6796 1721 152
8849 3768 107
8849 5328 828
4755 5013 510
4755 1721 224
4755 4503 469
8852 1013 997
8852 8259 74
4758 1037 393
4758 9131 538
2711 4566 1000
9327 8173 404
9327 4780 286
8860 3720 74
4765 7700 650
4765 187 246
4765 4164 865
671 5301 376
671 1998 987
671 916 414
671 1904 614
671 6892 410
673 1930 70
6819 9413 648
6819 1639 1
6819 5104 491
4773 2379 577
2726 7552 665
2726 7049 848
2726 9615 504
2726 6515 732
4780 7709 939
4780 9038 905
4780 688 463
688 8142 15
688 9404 968
688 2256 848
688 2254 660
688 8962 211
688 3590 136
688 1318 13
2737 2711 395
2737 9624 104
8883 8792 708
8883 6999 825
8883 818 847
6837 5274 901
2743 7088 702
2743 2230 783
2744 1407 965
2744 6210 72
6261 4842 163
712 4404 598
712 8883 88
712 7676 945
712 2580 154
712 5967 890
4809 1911 678
4809 9418 698
715 6584 874
715 7100 94
715 1725 180
715 5290 120
715 3103 737
2764 7555 501
2764 178 110
2764 1757 107
2764 4503 436
2765 9531 735
2765 8283 149
2765 4476 992
3533 8836 542
3533 2121 254
3533 5530 842
3533 6458 684
3533 9032 682
3533 173 281
9162 3778 641
9162 5544 139
9162 1226 452
9162 7132 604
721 8063 864
721 9458 640
721 3616 760
721 5104 680
721 916 816
3875 5106 257
3875 6067 586
3875 2544 408
3875 4809 996
3875 4668 840
2775 5195 938
2775 929 897
6872 6261 208
6872 1847 202
6872 908 798
6872 2091 641
6872 4765 83
4825 843 90
8927 3361 115
8927 1624 769
9981 173 610
9981 258 872
742 7318 600
742 3076 713
9231 9589 929
9231 2140 606
9231 712 913
4842 5864 233
4842 1476 22
4842 431 94
4842 883 937
6892 8771 403
8943 8510 703
8943 3061 602
8943 9094 140
6896 4486 891
6896 480 589
2802 8056 757
4852 8572 304
4852 9333 850
4852 4882 404
2806 4758 800
2806 7487 875
2806 5494 269
2806 8849 358
8951 6178 240
8951 7491 645
6905 8147 378
6905 3238 469
766 4638 757
766 9734 384
766 8572 836
766 8089 369
766 7644 364
6613 6536 883
6613 1542 96
6613 2200 710
6613 4514 350
770 4932 939
770 6947 417
2819 4267 24
2819 1795 152
2822 1757 879
2822 6592 849
8969 712 77
2826 9588 551
2826 1542 204
2826 8162 302
2827 5439 454
2827 1650 663
2827 4473 458
2827 4998 1000
2828 1935 268
2828 190 428
2828 8969 206
4882 1491 987
4882 6376 832
4882 2048 761
7299 4436 573
7299 7649 435
8981 5369 929
8981 8013 216
6938 1639 631
6938 6013 449
5935 4503 865
5935 8168 753
5935 444 298
4570 3778 220
4570 8714 648
4570 2213 666
4570 4825 478
4570 346 638
4570 6483 4
6947 4218 769
6947 1675 956
6947 8477 436
4905 195 137
4905 5438 827
811 211 988
811 6988 439
811 9474 184
811 7676 504
811 7955 43
4914 1314 856
4914 8575 70
818 6732 531
818 6417 186
818 8013 6
818 8204 487
9012 9719 366
9012 4117 186
9012 4706 282
9012 8290 910
9012 5537 430
9012 4532 265
9013 9377 785
2870 7066 5
2870 5016 797
2870 222 641
2870 8714 901
2870 9531 174
2870 9552 970
2870 9501 463
4919 7298 605
5599 9251 306
5599 6050 612
5599 7519 143
4051 763 944
4051 2688 185
4051 9012 299
4051 3771 671
4051 8155 911
9026 9095 96
9026 1448 634
9026 3274 949
9026 3061 479
4932 2826 379
4932 908 233
9031 2048 732
9031 4684 332
9031 4293 904
9031 948 762
9031 3473 962
9032 9185 475
9032 8013 373
9032 9430 640
9032 9624 391
9032 8038 460
9032 2101 967
6987 651 634
6987 7067 401
6987 5652 735
6987 4510 533
6987 1381 339
6987 8764 335
6987 1080 440
6988 9772 943
9038 7180 742
9038 1613 195
9038 7564 623
9039 6379 392
9039 7993 390
9039 5012 137
9039 7231 374
9039 5383 779
4945 2019 692
4945 3778 274
4945 71 140
1507 2690 78
1507 9095 129
1507 6034 134
1507 8818 268
4948 5036 163
854 1981 481
854 7054 31
854 7121 849
854 2629 970
7993 8245 79
2907 2807 591
2907 5369 793
2907 5113 588
2907 3481 510
7007 1848 722
7007 2544 415
7010 4335 579
7010 7066 386
7010 3873 481
7010 910 329
7010 7104 936
870 883 371
870 1378 638
870 9570 15
9063 4540 801
9063 5581 930
9063 2544 185
9063 3269 49
7016 2121 298
7016 427 986
7016 8445 566
2923 1650 926
2923 1804 258
2923 908 873
876 426 356
7021 5616 91
9071 8601 286
9071 4051 727
9071 7036 128
7024 7055 345
7024 1516 855
7024 4625 367
7024 8168 757
7024 1036 59
7024 662 809
7024 6837 759
883 9762 776
883 2101 118
883 9377 907
883 3798 835
9079 189 236
6508 4773 821
6508 5328 844
6508 7769 223
6508 8241 135
6508 9458 27
7036 9531 712
9085 4115 597
9085 5561 53
9085 7088 100
2947 1019 480
2947 4083 828
2947 7935 153
2947 7068 965
2947 721 502
2947 1911 357
9094 9615 462
9094 2382 66
9095 5865 369
9095 3369 762
9095 3782 639
7049 2743 348
7049 5197 48
908 6455 385
908 9095 402
908 7787 138
2882 5544 440
910 2230 48
910 818 727
910 4034 536
910 9469 958
7055 5036 855
7055 7056 807
7055 1314 483
7055 427 371
7056 4299 968
7056 8162 32
7056 1308 385
7056 8080 326
2200 3017 183
2200 3319 397
7058 4758 430
7058 2035 896
7058 9031 765
7058 5599 597
8003 2101 192
8003 3615 175
916 7834 321
916 249 68
916 3346 412
916 8162 227
5013 9185 295
5013 8818 617
5013 2039 170
7062 6896 45
9111 1981 198
7064 1641 832
7064 662 974
7064 5205 363
7064 1760 110
5017 7128 765
5017 8038 210
5017 5935 338
5017 9730 610
5018 9381 380
5018 7793 249
5018 38 796
5018 426 684
5018 1624 900
9115 393 770
9115 516 646
9115 3361 216
9115 7194 499
7068 6474 563
7068 4919 672
7068 3103 316
7068 633 313
7069 9741 468
7069 9762 352
7069 8595 561
7069 8445 352
7069 9517 921
7069 3148 195
7069 2129 41
7069 9695 493
9118 876 662
9118 462 900
9118 5177 329
9118 4335 554
9118 4281 778
5009 8475 236
929 463 165
929 5043 529
929 8445 723
929 5616 441
7081 5332 629
7081 2923 604
2986 6658 208
2986 4396 388
2986 5972 145
2986 4957 22
2986 4097 558
9131 5017 163
9131 4314 890
5036 5197 73
5036 468 289
5036 1930 125
2989 2674 545
7087 5881 483
7087 2882 270
7088 1439 70
7088 3155 52
7088 3355 181
7088 393 503
7088 4166 355
7088 2764 30
9139 9409 722
9139 9615 909
9139 5274 466
948 4281 197
948 1037 484
948 8969 246
948 1841 924
158 1181 313
158 9741 217
158 9413 692
9142 2764 387
9142 9301 703
9142 1639 854
9142 3319 487
7096 7261 243
7096 5923 940
7096 8702 811
7096 6796 823
7098 434 265
7100 7769 773
7100 190 808
7100 8112 751
3007 8702 39
3007 5476 379
3007 5852 968
3007 986 848
7104 6564 532
7104 9187 18
7104 465 451
7106
3017 7276 467
3017 8038 653
3017 8467 673
3017 1019 435
7114 5215 736
7114 3820 486
7114 7564 598
7114 5093 357
7114 5086 131
9719 1019 447
9719 6837 865
7116 6178 684
7116 480 92
7116 3710 197
7116 996 749
7119 9012 296
7119 8445 227
7119 4385 930
976 1080 339
976 2213 520
976 2207 26
976 7567 154
7121 7054 734
7128 651 220
7128 2019 142
7128 2068 502
7128 3316 112
7128 9912 494
7128 3763 352
2212 5177 267
2212 1795 531
2212 6772 776
2212 8027 96
986 2378 926
986 3890 721
986 7595 123
986 5205 937
5083 4702 635
5083 2674 642
7133 2270 82
7133 2743 981
7133 8477 677
7133 7787 888
5086 3410 420
5086 7651 721
9185 9185 504
9185 2490 829
9185 9730 964
9185 7056 838
9185 9031 90
8940 71 829
9187 6613 271
996 345 413
5093 6209 539
9041 6786 218
9041 6411 670
9041 7342 46
8531
7151 3141 864
7151 5413 776
7151 8852 211
7151 8278 636
7151 2426 50
7151 6350 958
7151 3610 992
5104 2447 806
5104 9131 498
5104 6623 910
5104 2230 695
5104 4764 147
5106 3155 387
5106 2800 541
1013 5753 283
1013 8013 310
1013 4998 166
7160 9420 637
7160 8714 509
7160 3355 658
7160 5197 389
5113 8673 136
8149 6207 380
8149 6474 816
8149 6034 359
8149 2726 297
1019 6395 420
1019 6772 26
9213 1491 33
9213 9575 578
1023 4566 999
7168 7160 610
7168 9793 605
5121 5301 93
5121 9734 230
5121 6624 480
5121 3212 678
5121 3077 38
5121 30 620
5967 6376 593
5967 38 83
5967 1165 382
5967 495 528
5967 742 36
1027 9187 48
1027 1847 926
1027 8376 492
3076 332 754
3076 8027 893
3076 6075 260
3077 2690 148
3077 6036 269
3077 2743 353
3077 5944 153
2561 4299 88
2561 6658 859
3081 9810 428
3081 5869 276
3081 2426 164
3081 713 681
3081 7595 666
6999 6390 669
6999 5806 517
6999 9514 817
7180 3959 239
7180 4842 73
7180 2230 941
7180 3061 906
7180 9039 263
1037 8475 228
1037 7024 501
1037 6390 618
9230 8114 239
9230 4638 701
9230 2629 672
7183 8207 224
7183 1414 448
7183 1318 499
7183 468 117
7183 5945 418
3090 7058 829
3090 2379 992
3090 349 308
3090 673 994
3090 1516 255
5143 3361 4
5143 4015 753
7193 1433 764
7193 5598 975
7194 9552 754
7195 1847 149
7195 5972 14
7195 7290 174
3103 7342 869
3103 1935 441
3103 5238 707
3103 6075 935
3103 3386 919
7200 5034 969
5154 7007 116
5154 2019 586
5154 5935 199
9251 5009 726
7204 249 309
7204 6395 10
7204 91 514
7204 1603 448
7205 5689 782
9254 8849 237
9259 2447 637
9259 5369 37
9259 2802 397
9259 7279 399
9259 3727 894
9259 173 209
9265 3763 566
5171 1555 88
5171 2557 830
5171 5869 430
5171 6395 365
7220 3274 230
7220 9317 600
7220 1491 494
7220 7268 155
1077 2207 221
1077 2775 319
1080 7081 123
5177 8149 384
5177 9185 358
5177 2923 547
5177 688 22
5177 4998 757
5177 2378 543
3131 2648 116
5180 8598 663
7231 7649 860
7231 4436 533
7231 7098 769
7231 8168 401
3136 9377 554
3136 715 517
3141 7015 110
1094 6178 149
1094 2342 644
1094 3798 991
1094 4298 671
1095 8720 210
1095 10000 700
1095 8468 97
1095 7318 31
5192 7132 907
5192 7058 956
5192 6612 241
3147 5091 885
3147 6020 967
3147 8632 699
3147 3367 387
3147 651 766
3148 9403 707
3148 9230 626
3148 6036 633
3148 3061 425
5197 7885 927
5199 3135 431
5199 6796 263
5199 3610 53
3155 8245 757
3155 9026 350
3155 5967 803
9301 9668 603
5697 2802 7
1117 6395 551
1117 2580 524
1117 6787 530
1117 1991 326
1117 4514 220
1117 7491 953
5215 6713 964
5215 1417 96
5215 9430 325
5215 8176 504
3169 6564 689
3169 6215 941
3169 4919 479
3169 5491 637
3169 2068 971
3169 5104 368
3169 4780 849
187 6036 150
187 9085 269
187 9489 843
187 1084 609
7268 8777 509
9317 3782 327
9317 2048 91
9317 8331 789
9317 9994 313
9317 30 204
9317 1036 873
9317 6504 108
9317 258 750
3174 5171 34
3174 7160 247
3174 7087 744
3174 8677 635
9319 1601 345
9319 2716 791
9319 7777 86
9319 7491 822
9404 5012 881
1131 7784 128
7276 6819 995
9326 8176 747
7279 1555 421
7279 2167 710
7279 5806 967
7279 7116 477
7279 986 247
1136 427 168
1136 1199 257
9333 9578 532
9333 8038 53
9333 9381 820
9333 3007 27
5238 1414 493
5238 7925 619
5238 3959 946
5238 662 961
1145 7121 583
1145 6612 169
1145 6386 28
1145 2447 956
7290 427 626
7290 6623 39
7291 8764 741
7291 480 838
7291 6837 975
7291 9537 254
7291 7935 92
7291 1430 967
7291 7342 377
1149 1165 455
1149 850 841
5247 6082 707
7296 4514 94
7296 3575 757
7296 4710 733
7296 482 563
7296 9911 544
7296 1568 927
7298 1804 271
7298 8155 871
9347 908 729
9347 3361 60
9347 465 389
9347 3369 81
9347 976 498
9409 2674 367
9409 4473 883
3212 6786 419
3212 6137 443
3212 9187 49
3212 2907 897
1165 9451 457
1165 9413 640
1165 5143 71
7310 3448 190
7310 2580 194
7310 3174 826
7310 8816 397
7310 8927 869
7311 7310 285
7311 9552 129
7311 5864 451
7311 4486 566
7311 2129 346
7311 4039 374
1169 8705 394
7318 3077 159
7318 6013 513
7318 8176 452
7318 8059 90
5274 5274 291
5274 3007 242
5274 6063 432
5274 3061 737
1181 4706 200
1181 1882 27
1181 1165 756
4293 8883 615
4293 2140 842
4293 8467 627
4293 5972 307
9377 9230 321
9377 2775 366
9377 9902 35
9377 4694 385
9381 465 683
9381 8445 103
9381 633 945
3238 2440 481
3238 4484 301
3238 1691 485
3238 158 333
3238 1338 78
7336 5301 909
7336 7067 922
7336 2688 772
7336 1480 98
7336 7132 189
7336 6754 869
7336 9203 756
5290 3616 958
5290 340 209
9387 1037 946
9387 8445 972
5293 3695 180
5293 2775 405
5293 7473 258
7342 5083 675
7342 8392 759
7342 5699 169
7342 2288 16
1199 4116 950
1199 4932 805
1199 434 325
1199 5945 989
1199 3818 784
1200 1507 623
1200 2440 532
1200 4532 969
1200 7700 753
1200 8598 128
1200 1918 677
3927 5215 577
3927 8720 737
3927 5699 396
3927 515 734
5301 2989 51
5301 7993 389
5301 434 484
9402 6217 635
9402 2870 12
9403 5864 437
9403 3007 435
1099 6350 976
1099 4281 896
3274 7128 987
3274 4476 859
3274 4058 137
3274 6335 756
3274 1998 905
3265 7204 624
3265 6483 648
3265 72 331
3265 6804 211
3265 2208 585
3265 3820 810
1218 349 536
1218 7925 857
1218 9139 656
1218 7834 302
1219 986 705
1219 2688 961
1219 2440 494
1219 8756 395
1220 9570 649
1220 8114 816
1220 1077 924
1220 6178 527
3269 1691 184
3269 516 131
3269 5869 20
3269 2382 365
3269 8149 413
9588 1757 961
9588 434 919
9588 8174 450
9588 2775 512
9418 7157 324
9418 3212 413
9418 9793 986
9418 8117 726
9418 154 272
3959 6028 508
3959 4083 784
3959 6036 58
3959 7268 420
9420 7064 466
9420 7200 80
9420 463 243
9420 6215 398
9420 431 628
7375 8860 917
7375 5491 431
7375 4914 201
9424 2288 99
9424 9489 195
9424 8290 771
9424 1634 404
5332 7200 766
5332 1430 133
6350 4460 554
6350 9550 969
6350 1084 7
6350 4543 557
6350 5036 473
9430 7473 240
9430 6013 350
9430 1641 224
9430 1490 790
3290 4266 108
3290 2288 113
3290 4755 783
3290 8358 282
5328 7617 308
1915 3061 904
1915 7771 866
1915 9231 457
9248 8883 459
9248 2648 692
9451 9259 539
9451 211 955
9458 2270 96
9458 5247 221
9458 8463 504
9458 7466 613
211 5537 694
211 6234 335
211 2060 436
211 2342 842
3316 9203 276
3316 3851 428
3316 4198 86
3316 2826 705
3319 9940 143
3319 721 129
3319 818 830
3319 90 977
3284 5199 224
3284 1344 331
3284 1378 479
3284 5712 595
3284 7055 934
7419 4765 12
7419 3290 712
9469 1935 773
9469 8331 547
9469 7010 933
5333 9013 971
5333 850 667
5333 9744 26
1495 7593 100
1495 6217 267
1495 5086 574
1282 9478 734
1282 3284 841
1282 349 933
1282 6146 506
1282 3585 175
1282 4485 568
5381 2208 864
5381 5561 679
9478 3995 781
9478 3144 623
9478 1036 310
9478 1403 852
9478 5152 441
9478 7049 251
5383 5381 508
5383 5171 289
5383 3846 536
5383 1918 71
5383 8940 336
7432 5864 967
7432 3503 427
9484 7432 384
9484 9631 283
3341 1036 356
3341 6587 840
9488 1891 200
9488 7128 597
9488 5869 972
9488 2826 118
9488 5544 998
9488 6013 521
9488 1542 752
9488 9615 815
9488 332 31
9489 7064 28
9489 9500 961
9489 4660 932
9489 4932 70
9489 1920 262
9489 5036 302
6658 8727 419
6658 1725 622
6658 4765 7
6658 1613 691
3355 1165 343
3355 8174 848
3355 3000 398
9500 4473 610
9500 343 124
9500 463 492
9501 4097 76
9501 601 759
9501 4746 38
9501 4532 118
3361 256 89
3361 6754 119
3361 5637 313
3361 7644 541
4998 6390 492
4998 4024 309
4998 9730 704
4998 4385 998
1318 5561 428
1318 1510 517
1318 5869 870
1318 3887 811
1318 158 51
3367 3765 429
3367 6207 419
3368 8852 487
3368 1023 417
3369 6967 775
3369 4503 700
7466 662 410
7466 1752 629
7466 4510 653
7466 5215 745
9517 8860 467
9517 9131 243
9517 9327 687
9517 2490 680
9517 9912 493
7473 7995 25
7473 7610 285
7473 6207 676
7473 7913 391
7473 9409 780
7473 9668 731
222 6796 454
222 5865 678
222 3498 865
222 2068 275
8756 6547 950
3386 1117 523
9531 349 896
9531 9038 444
9532 8241 554
9532 3695 255
9532 5113 922
5438 4957 853
5438 3728 219
5438 5972 288
5438 7375 208
9535 3017 243
9535 763 265
1344 5732 645
1344 1882 421
1344 187 295
1344 6458 808
1344 3361 235
1344 948 369
1344 3818 877
9537 9404 637
9537 6075 929
9537 4132 786
9537 4072 848
5442 9719 376
5442 249 557
5442 3076 771
5442 9478 833
7491 4107 131
7491 9231 481
7496 349 431
7496 1381 419
7496 854 8
7496 5301 878
9547 6564 134
9547 9589 727
9547 5806 84
9550 3017 91
9550 9635 527
9550 7610 63
9550 1476 782
9550 2167 485
909 1601 852
909 3710 494
909 2907 871
909 2629 339
909 1507 547
9552 9012 192
9552 8771 177
9552 8038 558
7506 7771 424
7506 1019 318
7054 1131 793
7054 7133 95
7054 9327 918
4278
1378 9333 329
1378 90 98
1378 9085 325
1378 9730 101
5476 1841 59
5476 4218 111
5476 6582 703
1381 9402 537
1381 9230 178
1381 9484 74
3431 8155 195
3431 465 735
3431 3212 899
1384 3533 244
1384 8063 454
1384 2969 916
1384 8510 370
1384 3820 536
1384 4945 931
1384 3674 182
1384 5016 558
1384 7096 767
1384 9203 385
1384 1390 636
9577 5438 357
9577 1555 516
9578 8278 325
9578 1675 590
9578 6234 598
9578 7032 534
9578 9728 964
9578 2167 120
9578 6350 9
5483 7342 214
5483 9624 413
5483 7193 452
1390 190 436
1390 7268 492
5487 6390 145
5487 4514 83
5487 9185 588
5487 1439 556
2964 1891 414
2964 3135 583
2964 1848 572
2964 4510 713
2964 9772 238
2964 393 366
2964 7056 350
5491 4237 611
5491 590 391
5492 6395 302
5492 948 828
9589 4015 685
9589 6892 484
9589 1136 841
5494 320 908
3448 9377 55
3448 4694 109
5012 1542 796
5012 3007 471
5012 6584 498
5012 7771 673
1403 6118 336
1403 721 708
1403 1935 236
1403 1491 836
1407 5491 644
1407 2806 219
1407 3147 717
1407 9032 738
1407 2726 36
1407 7793 544
7552 6335 547
7552 9327 894
7552 1226 830
3458 4176 296
7555 7584 280
7555 1752 159
7555 9248 347
1414 1080 686
1414 4396 668
9793 2989 430
9793 5599 849
9793 189 499
9793 5192 119
9793 9514 742
5512 916 949
5512 8624 723
5512 3710 764
1417 5083 979
1417 1634 46
1417 8632 138
1417 1426 773
1417 2690 737
1417 340 920
1417 9741 340
7564 7119 578
5518 7617 859
5518 7593 917
5518 5332 784
5518 6137 939
9615 3000 567
9615 1920 188
9615 9719 549
5016 4566 802
5016 7555 353
5016 3458 109
5016 6034 333
9618 3470 942
9618 5293 373
1603 9032 565
1603 7279 980
1603 91 92
1603 6564 242
1603 117 310
1603 2406 107
1428 2140 216
1428 3061 877
1428 2035 137
1428 4281 478
1430 7594 195
1430 5715 944
1430 4773 644
1430 6548 248
1430 3135 700
2969 4755 784
2969 7432 240
2969 1181 204
2969 6705 142
9624 2674 599
3481 6414 745
3481 6592 904
5530 2870 69
5530 2121 80
5530 1891 967
4335 5487 832
7066 6905 893
7066 4233 425
9631 495 730
7584 1439 100
7584 8500 106
5538 9142 518
5538 143 706
9635 1920 168
9635 1930 798
9635 5169 877
9635 2270 312
9635 5328 623
7588 4314 844
7588 9902 377
7588 3887 143
3494 6892 822
3494 3174 277
3494 2964 678
5544 5083 34
5544 3798 92
5020 6790 914
5020 7567 627
5020 7466 466
5020 5881 387
3498 5009 957
3498 8174 904
3498 5247 832
3498 4267 114
3498 1973 602
3498 9631 6
7595 6624 541
7595 2234 550
7595 9618 148
7595 1760 256
7595 8777 707
3502 2800 3
3502 1426 607
3502 2490 71
3502 5881 501
3502 5753 996
3503 3319 95
3503 72 30
7603 6592 503
7603 8114 346
7603 7276 728
7603 3448 454
9657 2019 67
9657 6547 635
9657 6523 317
9657 6350 721
7610 5383 172
7610 178 98
7610 876 794
7610 8174 676
9663 8385 622
9663 7676 68
7617 6379 930
7617 6335 308
9668 1218 199
5573 4233 623
5573 2819 338
5573 3090 982
5573 5402 593
5573 1200 63
5573 2743 131
5573 6872 998
1480 2213 201
1480 4335 864
1480 9744 654
6732 8245 334
5581 5093 182
5581 1338 764
5581 256 372
1490 8727 332
1490 4097 85
1490 3498 810
1491 3763 548
1491 1218 162
1491 4436 917
9684 3890 865
9684 9588 107
9684 3458 759
5369 5732 934
5369 1314 353
4015 770 597
4015 6390 531
4015 1013 321
4015 7299 533
7644 8085 278
7644 4335 170
7644 2257 227
5598 3481 813
5598 4697 679
5598 1996 856
5598 5093 805
9695 6872 813
7649 9424 988
7649 5171 286
7649 9728 934
7649 8575 842
7649 158 247
5602 3695 238
5602 9741 484
5602 7088 923
5602 5290 524
5602 8860 567
251 7709 413
251 8969 153
251 1804 312
251 8836 778
251 3265 660
251 4355 23
3557 6414 750
3557 4765 671
3557 713 404
3557 7195 883
1510 1077 284
1510 8063 579
9734 8168 151
1516 4710 438
1516 7056 904
1516 4097 812
9810 1721 235
9710 4882 549
9710 9912 289
9710 2121 888
8445 5152 836
5616 5512 124
5616 6209 838
3575 3610 693
3575 6544 763
3575 4668 924
3575 818 224
3327 1930 472
7676 1915 626
7676 4115 801
7676 6787 869
7676 2206 171
5034 2048 434
5034 7784 540
5034 6987 725
9727 2447 83
9727 7121 663
9727 8034 561
9728 6169 761
9728 8771 738
9728 8727 116
9728 5944 854
9728 6331 61
9728 355 743
3585 8173 837
3585 8114 343
3585 9478 414
3585 3356 217
3585 576 376
9730 5143 946
9730 8720 731
5637 427 608
5637 883 632
1542 7200 478
1542 6564 741
5152 3090 649
5152 1476 660
5152 9085 85
5152 7064 616
5152 6190 617
9741 7593 672
9741 343 693
9741 190 272
5646 9387 578
5646 5332 607
5646 1973 680
5646 30 352
9744 2440 281
9744 1891 641
9744 6082 91
9744 986 249
9744 6819 315
9744 7419 869
2648 8673 127
2648 9550 560
2648 8162 654
9746 332 935
9746 7261 100
9746 5864 540
9746 9577 153
1555 5290 353
1555 7194 558
1555 6613 227
1555 1516 219
1555 5864 287
5652 6386 257
5652 4948 424
5652 1510 560
5652 1721 428
5652 4842 263
4697 7935 841
4697 4706 73
4697 7603 197
4697 3284 729
4697 7496 308
3610 2019 255
3610 7990 456
3610 8149 247
3610 4058 94
6063 7496 309
6063 3533 986
6063 8149 725
7709 7299 135
7709 1721 770
7709 1847 980
7709 5104 94
3615 7594 217
3615 908 946
3615 5599 837
3615 2711 64
3616 7676 329
3616 4694 365
3616 6063 560
3616 6209 531
3616 9187 637
3616 6458 486
3616 850 410
7349 7913 96
7349 4266 714
7349 9118 699
7349 5180 366
7349 9624 236
9762 7205 245
9762 5476 442
9762 8167 349
9772 1430 768
9772 3766 936
9772 1013 691
5043 6658 308
5689 3346 199
5689 2177 564
5689 4484 170
5689 343 818
5689 2947 576
5689 8204 63
3642 434 775
7740 6474 859
7740 6234 394
7740 516 723
7740 7049 918
8117 5154 596
8117 5732 225
1601 2561 886
1601 343 830
2440 9772 426
2440 1407 752
2440 4764 579
2440 5215 2
5699 6283 8
5699 7058 434
5699 2256 299
5699 9041 17
5699 5865 204
5699 1901 878
7750 5972 931
7750 9409 310
7750 1973 821
7750 811 196
7750 5487 599
7750 8168 279
7750 5646 702
7750 2091 701
5705 7311 830
5705 1996 815
5705 9131 47
1613 5034 503
1613 2174 640
1613 7318 189
1613 5454 928
1613 3771 799
1613 9079 462
5712 6892 369
5712 2923 802
5712 6274 301
5712 9772 243
5712 7015 146
3000 4485 612
3666 3494 294
3666 2342 428
5715 8085 485
5715 460 31
5715 8650 771
1624 2055 105
1624 3274 676
1624 1841 230
1624 8173 256
1624 7777 220
1624 3863 46
7769 2743 705
7769 7298 859
7769 8112 994
7769 7104 607
3674 742 918
3674 6599 57
3674 6065 49
3674 2986 309
3674 7700 643
3674 1200 362
3674 2406 736
3674 7268 220
3674 1217 684
7771 349 249
7771 9420 824
7771 6536 36
7771 9489 26
5726 1027 544
5726 8727 736
5726 671 153
5726 8204 972
4709 8860 950
4709 5180 902
4709 4543 397
7777 8003 278
7777 9793 115
7777 6895 267
1634 6261 142
1634 916 150
7594 2019 14
5732 3084 995
5732 9577 450
5732 3610 650
5732 7907 778
1639 742 185
1639 4746 407
7784 9381 791
7784 1448 438
7784 9923 18
7784 4404 267
1641 3763 285
1641 1516 649
7787 9367 310
7787 6376 949
7787 2200 209
7787 1495 1
7442 1998 144
7442 7651 862
7442 8677 121
7442 7473 678
7442 2068 641
9838 2256 490
9838 1476 139
3695 5104 120
3695 7068 250
3695 1510 575
7793 332 570
7793 8468 787
1650 2705 748
1650 1084 596
1650 3355 717
1650 5093 911
1650 6624 976
1650 4948 796
9844 5705 385
9844 7015 396
9844 7193 416
9844 2764 914
5753 8356 688
5753 6658 574
5753 5238 714
3710 2379 658
3710 4945 381
3710 8063 739
3710 3937 627
1669 6335 910
1669 1430 358
3720 2775 987
3720 8149 244
3720 9420 858
1675 4852 102
4034 256 807
4034 9923 772
4034 5402 666
4034 3766 791
3727 5806 455
3728 9844 653
3728 8624 535
7834 1282 225
7834 460 527
7834 9381 49
7834 8705 523
1691 8174 557
1691 9547 933
1691 7342 828
1691 5972 224
1691 147 621
6967 8818 324
6967 4780 719
6967 742 345
8474 6067 866
6085 9111 367
6085 8003 477
6085 1023 290
6085 9469 527
6085 7925 464
2716 8080 540
2716 9026 894
2716 6480 658
2716 5332 449
9413 3169 936
9413 7296 159
9413 2342 205
3356 688 625
3356 5483 935
4039 6190 324
8818 4132 926
8818 2288 312
9902 766 103
9902 9026 390
9902 7069 537
9902 7299 137
3763 7296 546
3763 1220 706
3763 850 613
3765 1099 324
3765 6411 977
3765 1930 215
3765 515 944
3766 9326 343
3766 9377 500
9911 3846 353
9911 5715 73
9911 712 400
3768 2947 292
3768 7336 742
3768 7740 718
3768 8727 738
1721 427 967
1721 2426 182
1721 9746 203
1721 4706 308
1721 818 432
1721 9618 535
3771 2426 980
3771 9203 749
3771 3727 145
3771 1725 670
3773 4809 363
3778 4237 308
3778 9746 484
3778 355 112
9923 5083 612
9923 6137 989
9923 1407 880
9923 2200 670
9923 6525 549
9923 4725 905
9923 5106 17
3782 9404 463
3782 6050 663
3782 9469 201
3782 8575 173
516 6895 541
516 7010 557
516 4270 717
516 2827 322
1996 8849 298
1996 2068 645
7885 4117 497
7885 4165 245
7885 2035 44
7885 1218 654
9937 6028 757
9940 434 58
9940 6599 619
9940 7200 94
1752 6137 914
1752 9367 10
1757 9248 48
1757 4072 642
1757 6414 878
5413 9203 945
5413 8204 555
5413 187 719
1760 2688 574
1760 1219 435
1761 7651 769
1761 7907 221
1761 9131 322
4764 5865 264
4764 9727 208
4764 6209 844
4764 7067 447
4764 9231 936
7907 6411 280
7907 3136 556
7907 2100 378
7907 7491 451
5864 6967 700
5864 7311 273
7913 5602 604
3818 8468 323
3818 8764 510
3818 1490 174
468 6458 393
468 3290 332
468 6612 975
468 996 724
468 1145 174
5869 6599 429
5869 6796 6
7015 256 403
7015 5599 878
7925 2382 78
7925 9618 30
7925 1967 531
5881 3720 236
5881 8354 458
5881 4570 480
5881 8755 353
4083 8860 192
4083 328 670
4083 349 459
9514 349 435
9514 6938 742
9982 9377 985
9982 6790 122
9982 9772 890
9982 3994 297
7935 1220 735
1797 5491 294
1797 8253 896
1797 9746 138
1797 9772 58
1797 355 412
3846 4809 917
3846 5689 105
9994 3919 754
9994 9071 629
9994 2286 52
3851 3265 408
3851 7195 263
1804 6020 363
1804 3590 558
6786 8792 71
6786 5732 388
6786 9063 118
10000 1426 84
7955 6297 785
7955 7777 503
7955 6050 696
7955 1930 964
3863 576 767
3863 996 890
3868 6190 482
3868 9409 800
3873 158 485
3873 1891 368
5923 1077 107
5923 1675 346
5923 5192 809
1568 2969 126
1568 6207 461
1568 8117 285
7981 9187 389
7981 9319 124
3887 9552 546
1841 5012 375
1841 6395 332
1841 9657 10
1841 713 319
3890 3616 400
7990 2288 638
7990 5104 23
7990 2544 436
7990 152 95
7990 1675 284
7990 8755 489
7990 71 649
5943 7261 939
5943 9333 255
5944 515 126
5944 4132 356
5945 6584 920
5945 770 195
5945 2726 394
1226 4436 301
1226 8624 364
7995 7506 351
7995 9684 159
7995 431 451
3903 1760 516
3903 4667 712
1859 3173 368
8013 6474 984
8013 7442 559
7700 7096 287
7700 2490 155
7700 8354 962
3919 9451 144
3919 1117 722
3919 9301 442
3919 1804 556
5091 9404 921
5091 2947 463
5091 340 99
5972 9424 121
5972 5712 267
5972 2690 453
7481 8147 736
7481 4097 200
7481 3710 977
7481 1603 375
1882 187 125
1882 495 228
1882 3090 130
1882 9657 430
8027 7595 645
8027 3155 896
1338 1641 657
1338 3174 720
1338 5290 206
1338 6819 877
3937 1036 865
3937 4015 529
3937 6274 361
3937 2580 384
8034 2964 417
8034 8354 390
8034 4773 985
8034 2986 721
8034 71 433
1891 3174 498
1891 6246 247
1891 328 578
1891 7290 408
8038 7595 381
8038 190 962
8038 1991 201
8038 1911 167
9474 9550 714
9474 9142 38
9474 3959 926
9474 7133 111
1901 6796 19
1901 8943 871
1904 5301 910
4072 8114 33
4072 1145 818
3954 5454 616
3954 3766 810
1911 5715 306
1911 2710 48
1911 2737 451
1911 9618 537
1911 1480 485
1911 6612 188
8056 2726 843
8056 1490 579
8056 662 196
8056 3557 966
6804 7151 449
6804 688 460
6804 9531 460
6804 7183 563
8059 6082 634
8059 2055 397
8059 9537 432
6013 3771 769
6013 8056 688
1918 5192 836
1918 811 520
8063 4344 592
8063 5171 303
1920 7049 96
1920 8572 289
1920 5104 692
1920 4015 646
1920 7055 204
6020 147 317
6020 2580 419
6020 9514 447
6020 876 670
662 3369 306
662 7603 177
662 8142 105
662 1318 438
662 7114 689
1930 4299 705
1930 9577 296
1930 178 666
1930 6082 522
1930 8147 230
1930 8003 545
6028 4270 815
1935 8034 748
1935 2406 558
1935 5652 83
8080 8595 632
8080 5512 658
8080 9118 406
8080 770 147
6034 187 849
6034 7157 737
6036 5972 32
6036 2561 873
6036 6544 962
8085 7180 761
8085 7885 786
8085 6713 400
8089 7036 980
8089 2828 193
3994 8572 517
3994 377 586
3995 3666 869
3995 7432 576
3995 6837 552
7487 4432 699
7487 633 17
7487 7049 683
6050 6386 998
8104 1516 409
8104 2674 141
668 9071 584
668 6417 275
668 6612 106
668 2200 692
668 7336 506
1967 4773 838
1967 2174 95
8112 8632 500
8112 7925 40
6065 2206 206
6065 6075 298
6065 7200 60
6065 1996 20
6065 3144 773
8114 9079 740
8114 1344 862
8114 9265 142
6067 10000 868
1973 9026 814
1973 8259 506
1973 4314 190
4024 5712 451
4024 8245 973
4024 1490 791
4024 4905 369
4024 377 588
4024 8003 821
4024 8150 28
8122 4341 658
8122 9327 199
8122 2256 355
8122 2426 418
6075 6612 912
6075 3173 365
6474 4758 539
6474 8474 733
6474 4503 366
6474 480 401
1982 9162 780
1982 9451 948
1982 3265 410
3061 434 313
3061 6386 681
6082 9780 986
6082 7261 356
4037 9615 360
4037 2711 925
4037 6987 279
4037 9327 112
4037 7058 492
4037 3084 413
1991 2947 39
1991 8474 83
5439 2128 906
5439 5944 181
5439 4270 689
5439 8147 475
5439 1555 6
4499 3503 716
4499 4267 296
4499 117 607
4499 7015 758
8142 3290 330
8142 7290 788
8142 4499 387
8142 9588 725
8147 8176 218
8147 2744 715
8147 9484 979
8147 6261 563
5454 6599 592
5454 8241 393
5454 8174 778
8150 5598 199
8150 3887 540
8150 8290 672
8150 2870 377
436 2806 636
436 8283 66
436 90 443
4058 431 509
4058 4015 279
8155 7336 116
8155 9517 396
4062 9230 463
4062 2819 968
4062 7183 571
4062 8063 974
4062 2827 674
6480 6523 919
6480 7442 441
6480 6999 883
6480 6837 777
6480 4710 35
6480 8572 7
8162 6020 210
8162 3265 597
8162 7011 181
8162 345 80
2019 8142 928
2019 1395 877
2019 5332 949
6118 2174 290
6118 7603 146
6118 9409 93
8167 5705 288
8167 4293 880
8167 152 737
8168 8598 780
8168 2765 218
8168 7024 799
8168 3875 577
8168 8207 985
8172 3798 659
8172 3103 884
8172 4344 97
8172 6411 855
8173 2100 842
8174 8283 208
8174 7160 339
8174 3481 425
8174 4773 649
8174 7067 506
8176 9451 325
8176 5301 201
8176 8038 699
2035 9032 129
2035 9403 808
2035 9531 816
2035 3135 700
2039 9187 344
6137 5881 827
6137 1641 677
